      0/24     8.03G   0.06805   0.01075         0    0.0788         4       640   0.09938    0.2671   0.05474   0.01371   0.09445   0.01231         0
      1/24     10.8G   0.04986  0.007945         0   0.05781         3       640    0.4354    0.6395    0.4531    0.1517   0.07064   0.01377         0
      2/24     10.8G   0.04371  0.007707         0   0.05142         4       640    0.6011    0.7021    0.6239    0.2407   0.06218   0.01373         0
      3/24     10.8G   0.04109  0.006802         0   0.04789         6       640    0.7116    0.7077    0.7246    0.3056   0.06733   0.01164         0
      4/24     10.8G   0.04205  0.006181         0   0.04823         9       640    0.6544     0.663      0.66    0.2622     0.062   0.01156         0
      5/24     10.8G     0.041  0.005556         0   0.04656         5       640    0.5288    0.5564    0.5088    0.1865   0.08202  0.009906         0
      6/24     10.8G   0.04282  0.005241         0   0.04806         4       640    0.4691    0.5697     0.538    0.2077   0.07213   0.01123         0
      7/24     10.8G   0.04403  0.005282         0   0.04931         6       640    0.5503    0.6789    0.5726    0.2237    0.0664   0.01124         0
      8/24     10.8G   0.04176  0.004851         0   0.04661         6       640    0.7379     0.727    0.7334    0.3191     0.062   0.01047         0
      9/24     10.8G    0.0393  0.004406         0   0.04371         6       640     0.761    0.7416    0.7803    0.3451   0.05456   0.01051         0
     10/24     10.8G   0.03806  0.004319         0   0.04237         7       640    0.7997    0.7181    0.7563    0.3075   0.06113   0.01034         0
     11/24     10.8G   0.03694  0.004249         0   0.04119         7       640    0.8484    0.7671    0.8263    0.3368   0.05237   0.00977         0
     12/24     10.8G   0.03505  0.003879         0   0.03892         3       640    0.8864    0.8457    0.9182    0.4258   0.04817  0.009902         0
     13/24     10.8G   0.03422  0.003839         0   0.03806        13       640    0.9046     0.844    0.9087    0.4119   0.04629  0.009685         0
     14/24     10.8G   0.03311  0.003722         0   0.03683         7       640    0.8724    0.8353    0.8787    0.4077    0.0484  0.009695         0
     15/24     10.8G   0.03271  0.003522         0   0.03623         5       640    0.8971    0.8534    0.9111    0.4227   0.04544  0.009829         0
     16/24     10.8G   0.03228  0.003511         0   0.03579         5       640    0.8904    0.8796    0.9199    0.4385   0.04505  0.009608         0
     17/24     10.8G   0.03174  0.003468         0    0.0352         4       640    0.8906    0.8709    0.9189    0.4487   0.04408  0.009529         0
     18/24     10.8G   0.03179   0.00332         0   0.03511         6       640     0.877    0.9288    0.9318    0.4476   0.04344   0.00971         0
     19/24     10.8G   0.03064  0.003392         0   0.03403         2       640    0.8626    0.9317     0.913    0.4442    0.0421  0.009618         0
     20/24     10.8G   0.03051  0.003274         0   0.03379         6       640    0.8723    0.9332     0.925     0.458   0.04127  0.009715         0
     21/24     10.8G   0.03033  0.003295         0   0.03363         7       640    0.8767    0.9391    0.9218    0.4551   0.04093  0.009627         0
     22/24     10.8G   0.02971  0.003201         0   0.03291         4       640    0.8977    0.9273    0.9269    0.4571   0.04047  0.009657         0
     23/24     10.8G   0.02977  0.003187         0   0.03295         9       640    0.9172    0.9362    0.9429    0.4667   0.04106  0.009644         0
     24/24     10.8G   0.02918  0.003037         0   0.03222         6       640    0.9169    0.9168    0.9255    0.4625   0.04063  0.009675         0
